$ANSIBLE_VAULT;1.1;AES256
34633766303835613761616662376538383934303230303331343432333638656635383039316235
6135303536376562383330653965386238646535376138350a393238316631383738613435396637
38383965363963643861656139653461613634666636366635313832623266373464313636633835
3634313735333036640a386535353938376430306338363139316637356664663632616438326533
39383232313636346339333461323531653337333632336163356466376465643232363732663962
38376638633265623136616533626366326634666635383561396633363735616437623432656462
37326333356436313233663737653830646133633666653335613662333165323035633966373261
61313063376430656364623633333930333336643335666137656465386239633035306234313535
37346566613838313966616165376638383565663232306433366138346238373564373166363736
61376661333864613237393264646332623966636432613862316539303135383433636639343238
38333563343563373533323934323066396538653132323763346634666132313032396163353338
38346362656561646539623835356335386633376138316439643837613466663734633632643236
38313565393731333864376361373036663065343063306261653737363730383336623837366638
62396135373366663763313564343665633639666234326538383937383837326339373366323537
31346537626262643739656664323230393663303132643363656662663533663339393332636535
61613132316439653765633362333731353430386437343137373937663165663933333938633635
65316537376331633132633737356332373866303933653137346436326532636466393262616432
65663037643665393338363663343234396636313737363432356562623962333565393739626437
34653035656462663934393937303238633732343631636137393139323064323931336466646630
32613637613563333139653063313164303965326333343437613463646239633635616634393732
36393164623235373337663630643331396166303763393939313063313564656337643165323664
63333335663230363930323534633464373833626431336334346264643166356363633539656263
39306465613933333235393662333832363535383636666266633530343333336532306138633432
33656365623161393234376564383539383563306233306331653834666262643439366533333433
63393639323764313563383166313430393535313734363664393162353831316361353063626639
35653262396434653131353766613366623232666634373463363535303834613836353265343161
30646234353732386331613661303332313466366336643933666237376537393337636136656466
34376333363531383966616234343032396136633438393134316131633961333133633230643135
30343135346332333463316461643964303734633939646533623039376261373836396661356465
63356231333766346461383930376661666237356162386138346265313333663131326362393331
31376463613031616366353733326435336235653561373131613138343733663131653830636637
66663161343464363233303364646261373866326234633266666661383665323933353435306231
30616231656237346530353737316635653665313265626264626636333963336530626236353766
61653630363639623664353765636639613535393761393265373231663231613239613139363838
39613163333133343331396661333666306237343639366365336236646434383663383333333139
30633936343438663362633537303938636532346639623239643864336239616361343865363931
65643762333830643562346431663933306635333765613231633163636164616162313836346363
66626337366163383033666133643163376462616235323631613135353034366263323339623436
38613538306235313232306339316665306666646366646161393263613338366165346661373861
36393066653832626230303637373866613565663465343762306462333166616635313434393830
32643537336239646236346436616564633865336132396266343366636366396332356465356162
64326366373731366535636663386236633835386166613138643433383133616138643139633162
65353631613235333930626138353930383738396130383534333166646535333533376566393435
32653732353233343636313130646637343866343563646565633165396630666462623761613463
61383837643437656236336433386338306234353633333662656133666266366237373862376261
34303165326135643536313261323134373635623264363262633135333236313166613266643637
31336233623831373132613963393232396635346230383834383466363536353931303233653632
64656662303466383065646434303162376566393330326165343034373035663763303966323265
35626665356637373430396333353630633933363265386161333934643564653037646163656665
64306164386264623530343562396262656161333466393966343032333231303535353862396665
61623661366338396633313864616363333564373138323530643763366163313165303936323036
30313032383433626565623236343561306437353339393064373437373163373263326134633862
38633439613661333733616630346462636262356330633661393033663463346538613135643233
62313333393135316638633461613536313863653737656165333564386136313363356430663164
66336563613666333464646230346262633537336631636666666137636239653836363937636136
34323635623262643533323162383134626631383330356262383664313162373133313433613764
39333933633566353839663335306266633262616637353264316530646639643338383637383034
38346635346535613662376438643563333136326331393862643336343839363562626130643532
37333236316538393436656232316332326463373932306333393534343634393763376262303134
36656661373632643639636262373536666332613063353934353732613230373332356231316338
33373837386438343065333766633633303762633933653363616536623466353534663739646333
37306665656136366130333831643232303833353135653831653732366339376232386131653662
39316131333932353762386263666534326561363066636633363536336338633361616334363062
65393138376661613466316331633066363163623639333030313834323137666537353434323537
32656161663166646331626138393562313635393737313031363261326635363861346630373632
30383336653830386563306231323936356162326565346433643837623963376634396261663330
30346230363030356130363263333361393534346439356563616238653438376531623334323735
61656230636430653636313932336366373630623539663831643231353732326136323532343161
30623261306566653132353530373339346462613934336435626338393433303538613262643539
66303865383634356438396461623764663534363833356138383138636532646531316331616163
32653432323265643765343862643533663235323663363062646131313964323762636236633035
37613639663363626633646563343439393861613332313765366463636539373732663730353434
33633961636236626435623131353061383237313136643437653964333237336136366436383538
30656261303966383661343930626437343239343862626639333636663565373634346666633334
65623366383463393232333233656662623635313235653137643034646439393039313861666235
65386135353530336438353163613133383139306363663637663534326363303431613937396538
32373935323731396361663531376666396430623263346639366365623530383139633266323733
63353064656661326665336334666438653632363336333530363834396230343730313664323666
35646539306661373266313963643862636366393065656134646439396363653232386164663866
66643266393235653135643434316238366537363236383061333638626362346532396138613461
33626262333132306535333031346238326366333361623730326565616663306430303830663536
30626239366335613063633962353933346431643337343339353961353565613362373835393338
36653038313561383831303263623734666463383966666165383035396362323062363936336363
31316163643736306238383866346333613530613734303338366435343535633162356332353364
31393539303361633933623137383434393630303865653137643438303737636433666535333239
33336230656661393466323865626161613134646538303434646461313166383033616232326439
63376630653039313235656636646631383438623433323731623333333239333138356163343737
62633839326536383964323365666462613866383039653164343035653433366330613130646635
64356566656635666164323137663335373632633263333439656166326332333062353433383466
39353630663735363033633933646234643233336139643134386133653739643565613662653735
31653830303534643765383631363132666337393531313562643432356236323139373030646632
63653365346335363630333132653865383734636562623031376562623132306632363334666234
33383838343033343838313635396333363762636162343933323139656339666366643334396131
33353034373036376137343963396563303563393862343530363430646133653039393063316163
34386330383566383836376233373735376638626235646361306439653564313961366633346133
33316134313237373366346636393538353764636431653666323239356666666462383530666666
32616461663466353238646663386636366531623539643539336439633037336462383564663037
33373333643763363564313335343231666261326262623533323530326431633832393130656466
38626161366532363231656135613631326433383638633234383764646665353736396561346166
36326436623134666165623737383063353731373032316334303965373831306337626264313861
38336431316361616433346338353166356231346631343033313039366631343363626565633061
65646538623433356636333838343338613665386364336665303337346461646536366637353736
37386239306634393564343433656661663266323039323233616436653635333764363433383136
39623430326534373365393762643634376161666233663961626437346564366230653264643933
37323830633036386566663931663335313639623630353439616436646435336535393634646233
63363462646535323961616261303831376563363065356131396439393134383661376436616632
34336136643631383264306436353030326435376137333464323139653461666633663633613066
35656532336132623430343136643563653766653131386333393463326432626464633538623030
32323561393236613832363332343265353830653634323936396263343237383035376162663939
30633565646166643035613235663134393065323136343737356461656363643666333230313234
33363530316638376430643233323364343664636361656565326630636631323032363064623737
62376234623261663032313934663633323466383335653338323565313766666262616633623939
66303363626432653034323733386561653039616139343634363133313935396431366565383562
65663732303361666330323665396632656431666338656363353639616333623438383739343466
61623364396263393935393533333135333533306132356131633533373836326233316665376239
66653035396236396661633564343736356137636666383261623338646165313333336664623235
38326639306265343134323633313535616565373932396435376237373331643531613363643831
63303030643932663763643535353866346532376334353039316364316662343362656565343439
65613764316230666163616163326433336438333231353530326537313933386538383236346535
62326534656333656565386432336665613432323463313464306161336434656238326265643961
39653362613839343634663534323065383331303662383534643365343634623366333337363865
37386637323566653865663436373734366133666233383962666232353031633636623935346534
31343661623335343663356239363532303936653230396664633931353962393435346262396635
63303338303737326638656362373063663733313438626366363066376634303533633564323538
35653766323562323164663337653463363162363335613630366637663363646561646339663166
36323639363636656562373538646437663733373231393865653764323661383330643465663166
37323232643433376130386238366138343237383731366464663662386266613835343234386231
34626239636465633938386231313032623766333437613961323265613466376535303238653937
31613937393435613139333366373061663639313334356163363839343433353661346632393830
37666264663661323135636362336662656235336463623930396336666433666337373333373435
33313637333933646631303165633832363865633737353938336565663863663032336464343563
63303733663766623833313138363365326165363663623036306134646132353331313334373436
37326361326236393261653130366330636337313330393464386332353334383565343533353833
66306134316361363738386535666163386261396635343039656663356130316261386237383139
31633465323661323366626137666562353763363537633862643033633666326432313662306264
66393661656535336566323532643365663232613933373136323030326637383639616164396436
38373532303138306165313532393638623536666663333165373135376161623062336436383165
61646663353261316665613137656261356438353830356164653936383139393261346237393635
39616430386632623637393837366538333461313265376131623164316266323538303764633531
63303761373163356164353737643038623931333964396632363038393532633833373139663032
32313737663763646532316534343039333836333336643832666630376165326635363065333030
63663761633330363030633466363230613235376664336130316635333364383337653233373461
62346163333135303765623534646534336333386230373961383766646637656164316235346537
32383432376563666335643239663834303939373731343135653138656265303166613036353966
30336561653338393064396561386335326361643766313738316366326366323334653361313562
61316331653363663361336138346235383939653037613539333366353231643133333238643239
62313538323531313335363433303739366534313964656330656263343535613135626335323735
62356365383238646132316638366234333633623431303164643061653166663634666235643831
32303065613932393061613165336265643862336233336461343435363631343735393539613061
33316332363932326137653231353331383531383930326461623861623761326139306565303465
63636461346366643936393334363763343464353636666136303962666234386436333165623033
36383662363562373137396431386131313033323966373661363237396338306362623638363831
64326130396439323639396366376664303531613164663761333865303966313562333636613632
30313063383163333161656430666663373064363832663265323662323038656565373938343738
30376338373765356434343637616661656263323238316536323136333330323333653837663534
37636432333563646630613036663364643164356135613438313063323438643631353333393436
37363163653439656338393566646637396461336666366165376330353030623866616636323061
63376463323232333462373035636163343434396331343935313165376265346166383564313038
31366563326534623065383664386639353433653736376134663130633634313235636161393934
61643235336631356230303362336663356366653562343233343364393237616135646332316531
38383037313038663766303730636666626331666664333661373166636531663632303133373866
35396362376262633733396630346332626538393566373962316361363639396238633061623866
62346231636265333765376531316337393131663332656331623337333835333033646437613130
63646665373435653430383939616665303762616636393637613066663335383462336437353332
62636365353261626338323635373836396464656439356137646662373965336631303465626664
34366430303732376663336239383138303563373265333335626630343438646131326661636463
35613736303163386564363931316130333135656561653635386263333162333139623030363864
32626639316363353633303435616266653532663564656666636636363233383230633735613839
64383263666334313461366531363133366635646236336664373137643033323736393330343639
35303732333334666638336264313337646163393438376438343031363836623631333234393938
65383630306434363837323730316235646538343638616666346662653133376331393333336632
30666364336135633964333964623561653335346232333132633335656136306539623039353137
66353631643339666334383139383334373733666430653335653936313430323962
